-0.400000 0.300000  0
-0.340000 0.300000  0
-0.280000 0.300000  0
-0.220000 0.300000  0
-0.160000 0.300000  0
-0.100000 0.300000  0
-0.040000 0.300000  0
0.020000 0.300000  0
0.080000 0.300000  0
0.140000 0.300000  0
0.200000 0.300000  0
0.260000 0.300000  0
0.320000 0.300000  0
0.380000 0.300000  0
-0.400000 0.240000  0
-0.340000 0.240000  0
-0.280000 0.240000  0
-0.220000 0.240000  0
-0.160000 0.240000  0
-0.100000 0.240000  0
-0.040000 0.240000  0
0.020000 0.240000  0
0.080000 0.240000  0
0.140000 0.240000  0
0.200000 0.240000  0
0.260000 0.240000  0
0.320000 0.240000  0
0.380000 0.240000  0
-0.400000 0.180000  130
-0.340000 0.180000  103
-0.280000 0.180000  84
-0.220000 0.180000  70
-0.160000 0.180000  59
-0.100000 0.180000  48
-0.040000 0.180000  37
0.020000 0.180000  25
0.080000 0.180000  0
0.140000 0.180000  0
0.200000 0.180000  0
0.260000 0.180000  0
0.320000 0.180000  0
0.380000 0.180000  0
-0.400000 0.120000  143
-0.340000 0.120000  143
-0.280000 0.120000  143
-0.220000 0.120000  128
-0.160000 0.120000  109
-0.100000 0.120000  92
-0.040000 0.120000  78
0.020000 0.120000  66
0.080000 0.120000  54
0.140000 0.120000  40
0.200000 0.120000  24
0.260000 0.120000  0
0.320000 0.120000  0
0.380000 0.120000  0
-0.400000 0.060000  143
-0.340000 0.060000  143
-0.280000 0.060000  143
-0.220000 0.060000  143
-0.160000 0.060000  142
-0.100000 0.060000  128
-0.040000 0.060000  111
0.020000 0.060000  95
0.080000 0.060000  82
0.140000 0.060000  67
0.200000 0.060000  53
0.260000 0.060000  40
0.320000 0.060000  23
0.380000 0.060000  0
-0.400000 0.000000  143
-0.340000 0.000000  143
-0.280000 0.000000  143
-0.220000 0.000000  143
-0.160000 0.000000  143
-0.100000 0.000000  143
-0.040000 0.000000  136
0.020000 0.000000  121
0.080000 0.000000  106
0.140000 0.000000  90
0.200000 0.000000  75
0.260000 0.000000  60
0.320000 0.000000  47
0.380000 0.000000  33
-0.400000 -0.060000  143
-0.340000 -0.060000  143
-0.280000 -0.060000  143
-0.220000 -0.060000  143
-0.160000 -0.060000  143
-0.100000 -0.060000  143
-0.040000 -0.060000  143
0.020000 -0.060000  140
0.080000 -0.060000  126
0.140000 -0.060000  111
0.200000 -0.060000  95
0.260000 -0.060000  78
0.320000 -0.060000  65
0.380000 -0.060000  52
-0.400000 -0.120000  143
-0.340000 -0.120000  143
-0.280000 -0.120000  143
-0.220000 -0.120000  143
-0.160000 -0.120000  143
-0.100000 -0.120000  143
-0.040000 -0.120000  143
0.020000 -0.120000  143
0.080000 -0.120000  142
0.140000 -0.120000  128
0.200000 -0.120000  114
0.260000 -0.120000  100
0.320000 -0.120000  86
0.380000 -0.120000  66
-0.400000 -0.180000  143
-0.340000 -0.180000  143
-0.280000 -0.180000  143
-0.220000 -0.180000  143
-0.160000 -0.180000  143
-0.100000 -0.180000  143
-0.040000 -0.180000  143
0.020000 -0.180000  143
0.080000 -0.180000  143
0.140000 -0.180000  142
0.200000 -0.180000  129
0.260000 -0.180000  114
0.320000 -0.180000  101
0.380000 -0.180000  88
-0.400000 -0.240000  143
-0.340000 -0.240000  143
-0.280000 -0.240000  143
-0.220000 -0.240000  143
-0.160000 -0.240000  143
-0.100000 -0.240000  143
-0.040000 -0.240000  143
0.020000 -0.240000  143
0.080000 -0.240000  143
0.140000 -0.240000  143
0.200000 -0.240000  141
0.260000 -0.240000  127
0.320000 -0.240000  113
0.380000 -0.240000  100
-0.400000 -0.300000  143
-0.340000 -0.300000  143
-0.280000 -0.300000  143
-0.220000 -0.300000  143
-0.160000 -0.300000  143
-0.100000 -0.300000  143
-0.040000 -0.300000  143
0.020000 -0.300000  143
0.080000 -0.300000  143
0.140000 -0.300000  143
0.200000 -0.300000  143
0.260000 -0.300000  138
0.320000 -0.300000  124
0.380000 -0.300000  110
-0.400000 -0.360000  143
-0.340000 -0.360000  143
-0.280000 -0.360000  143
-0.220000 -0.360000  143
-0.160000 -0.360000  143
-0.100000 -0.360000  143
-0.040000 -0.360000  143
0.020000 -0.360000  143
0.080000 -0.360000  143
0.140000 -0.360000  143
0.200000 -0.360000  143
0.260000 -0.360000  143
0.320000 -0.360000  134
0.380000 -0.360000  120
-0.400000 -0.420000  143
-0.340000 -0.420000  143
-0.280000 -0.420000  143
-0.220000 -0.420000  143
-0.160000 -0.420000  143
-0.100000 -0.420000  143
-0.040000 -0.420000  143
0.020000 -0.420000  143
0.080000 -0.420000  143
0.140000 -0.420000  143
0.200000 -0.420000  143
0.260000 -0.420000  143
0.320000 -0.420000  143
0.380000 -0.420000  129
-0.400000 -0.480000  143
-0.340000 -0.480000  143
-0.280000 -0.480000  143
-0.220000 -0.480000  143
-0.160000 -0.480000  143
-0.100000 -0.480000  143
-0.040000 -0.480000  143
0.020000 -0.480000  143
0.080000 -0.480000  143
0.140000 -0.480000  143
0.200000 -0.480000  143
0.260000 -0.480000  143
0.320000 -0.480000  143
0.380000 -0.480000  137
-0.400000 -0.540000  143
-0.340000 -0.540000  143
-0.280000 -0.540000  143
-0.220000 -0.540000  143
-0.160000 -0.540000  143
-0.100000 -0.540000  143
-0.040000 -0.540000  143
0.020000 -0.540000  143
0.080000 -0.540000  143
0.140000 -0.540000  143
0.200000 -0.540000  143
0.260000 -0.540000  143
0.320000 -0.540000  143
0.380000 -0.540000  143
