-0.400000 0.300000  0
-0.340000 0.300000  0
-0.280000 0.300000  0
-0.220000 0.300000  0
-0.160000 0.300000  0
-0.100000 0.300000  0
-0.040000 0.300000  0
0.020000 0.300000  0
0.080000 0.300000  0
0.140000 0.300000  0
0.200000 0.300000  0
0.260000 0.300000  0
0.320000 0.300000  0
0.380000 0.300000  0
-0.400000 0.240000  0
-0.340000 0.240000  0
-0.280000 0.240000  0
-0.220000 0.240000  0
-0.160000 0.240000  0
-0.100000 0.240000  0
-0.040000 0.240000  0
0.020000 0.240000  0
0.080000 0.240000  0
0.140000 0.240000  0
0.200000 0.240000  0
0.260000 0.240000  0
0.320000 0.240000  0
0.380000 0.240000  0
-0.400000 0.180000  0
-0.340000 0.180000  17
-0.280000 0.180000  31
-0.220000 0.180000  43
-0.160000 0.180000  54
-0.100000 0.180000  65
-0.040000 0.180000  76
0.020000 0.180000  92
0.080000 0.180000  113
0.140000 0.180000  137
0.200000 0.180000  142
0.260000 0.180000  116
0.320000 0.180000  92
0.380000 0.180000  76
-0.400000 0.120000  46
-0.340000 0.120000  60
-0.280000 0.120000  72
-0.220000 0.120000  85
-0.160000 0.120000  100
-0.100000 0.120000  117
-0.040000 0.120000  136
0.020000 0.120000  142
0.080000 0.120000  142
0.140000 0.120000  142
0.200000 0.120000  142
0.260000 0.120000  142
0.320000 0.120000  142
0.380000 0.120000  136
-0.400000 0.060000  72
-0.340000 0.060000  88
-0.280000 0.060000  103
-0.220000 0.060000  119
-0.160000 0.060000  135
-0.100000 0.060000  142
-0.040000 0.060000  142
0.020000 0.060000  142
0.080000 0.060000  142
0.140000 0.060000  142
0.200000 0.060000  142
0.260000 0.060000  142
0.320000 0.060000  142
0.380000 0.060000  142
-0.400000 0.000000  95
-0.340000 0.000000  113
-0.280000 0.000000  129
-0.220000 0.000000  142
-0.160000 0.000000  142
-0.100000 0.000000  142
-0.040000 0.000000  142
0.020000 0.000000  142
0.080000 0.000000  142
0.140000 0.000000  142
0.200000 0.000000  142
0.260000 0.000000  142
0.320000 0.000000  142
0.380000 0.000000  142
-0.400000 -0.060000  119
-0.340000 -0.060000  133
-0.280000 -0.060000  142
-0.220000 -0.060000  142
-0.160000 -0.060000  142
-0.100000 -0.060000  142
-0.040000 -0.060000  142
0.020000 -0.060000  142
0.080000 -0.060000  142
0.140000 -0.060000  142
0.200000 -0.060000  142
0.260000 -0.060000  142
0.320000 -0.060000  142
0.380000 -0.060000  142
-0.400000 -0.120000  135
-0.340000 -0.120000  142
-0.280000 -0.120000  142
-0.220000 -0.120000  142
-0.160000 -0.120000  142
-0.100000 -0.120000  142
-0.040000 -0.120000  142
0.020000 -0.120000  142
0.080000 -0.120000  142
0.140000 -0.120000  142
0.200000 -0.120000  142
0.260000 -0.120000  142
0.320000 -0.120000  142
0.380000 -0.120000  142
-0.400000 -0.180000  142
-0.340000 -0.180000  142
-0.280000 -0.180000  142
-0.220000 -0.180000  142
-0.160000 -0.180000  142
-0.100000 -0.180000  142
-0.040000 -0.180000  142
0.020000 -0.180000  142
0.080000 -0.180000  142
0.140000 -0.180000  142
0.200000 -0.180000  142
0.260000 -0.180000  142
0.320000 -0.180000  142
0.380000 -0.180000  142
-0.400000 -0.240000  142
-0.340000 -0.240000  142
-0.280000 -0.240000  142
-0.220000 -0.240000  142
-0.160000 -0.240000  142
-0.100000 -0.240000  142
-0.040000 -0.240000  142
0.020000 -0.240000  142
0.080000 -0.240000  142
0.140000 -0.240000  142
0.200000 -0.240000  142
0.260000 -0.240000  142
0.320000 -0.240000  142
0.380000 -0.240000  142
-0.400000 -0.300000  142
-0.340000 -0.300000  142
-0.280000 -0.300000  142
-0.220000 -0.300000  142
-0.160000 -0.300000  142
-0.100000 -0.300000  142
-0.040000 -0.300000  142
0.020000 -0.300000  142
0.080000 -0.300000  142
0.140000 -0.300000  142
0.200000 -0.300000  142
0.260000 -0.300000  142
0.320000 -0.300000  142
0.380000 -0.300000  142
-0.400000 -0.360000  142
-0.340000 -0.360000  142
-0.280000 -0.360000  142
-0.220000 -0.360000  142
-0.160000 -0.360000  142
-0.100000 -0.360000  142
-0.040000 -0.360000  142
0.020000 -0.360000  142
0.080000 -0.360000  142
0.140000 -0.360000  142
0.200000 -0.360000  142
0.260000 -0.360000  142
0.320000 -0.360000  142
0.380000 -0.360000  142
-0.400000 -0.420000  142
-0.340000 -0.420000  142
-0.280000 -0.420000  142
-0.220000 -0.420000  142
-0.160000 -0.420000  142
-0.100000 -0.420000  142
-0.040000 -0.420000  142
0.020000 -0.420000  142
0.080000 -0.420000  142
0.140000 -0.420000  142
0.200000 -0.420000  142
0.260000 -0.420000  142
0.320000 -0.420000  142
0.380000 -0.420000  142
-0.400000 -0.480000  142
-0.340000 -0.480000  142
-0.280000 -0.480000  142
-0.220000 -0.480000  142
-0.160000 -0.480000  142
-0.100000 -0.480000  142
-0.040000 -0.480000  142
0.020000 -0.480000  142
0.080000 -0.480000  142
0.140000 -0.480000  142
0.200000 -0.480000  142
0.260000 -0.480000  142
0.320000 -0.480000  142
0.380000 -0.480000  142
-0.400000 -0.540000  142
-0.340000 -0.540000  142
-0.280000 -0.540000  142
-0.220000 -0.540000  142
-0.160000 -0.540000  142
-0.100000 -0.540000  142
-0.040000 -0.540000  142
0.020000 -0.540000  142
0.080000 -0.540000  142
0.140000 -0.540000  142
0.200000 -0.540000  142
0.260000 -0.540000  142
0.320000 -0.540000  142
0.380000 -0.540000  142
