-0.400000 0.300000  0
-0.340000 0.300000  0
-0.280000 0.300000  0
-0.220000 0.300000  0
-0.160000 0.300000  0
-0.100000 0.300000  0
-0.040000 0.300000  0
0.020000 0.300000  0
0.080000 0.300000  0
0.140000 0.300000  0
0.200000 0.300000  0
0.260000 0.300000  0
0.320000 0.300000  0
0.380000 0.300000  0
-0.400000 0.240000  0
-0.340000 0.240000  0
-0.280000 0.240000  0
-0.220000 0.240000  0
-0.160000 0.240000  0
-0.100000 0.240000  0
-0.040000 0.240000  0
0.020000 0.240000  0
0.080000 0.240000  0
0.140000 0.240000  0
0.200000 0.240000  0
0.260000 0.240000  0
0.320000 0.240000  0
0.380000 0.240000  0
-0.400000 0.180000  0
-0.340000 0.180000  0
-0.280000 0.180000  0
-0.220000 0.180000  0
-0.160000 0.180000  14
-0.100000 0.180000  28
-0.040000 0.180000  40
0.020000 0.180000  51
0.080000 0.180000  62
0.140000 0.180000  73
0.200000 0.180000  89
0.260000 0.180000  112
0.320000 0.180000  137
0.380000 0.180000  137
-0.400000 0.120000  0
-0.340000 0.120000  12
-0.280000 0.120000  31
-0.220000 0.120000  45
-0.160000 0.120000  57
-0.100000 0.120000  69
-0.040000 0.120000  82
0.020000 0.120000  97
0.080000 0.120000  115
0.140000 0.120000  134
0.200000 0.120000  137
0.260000 0.120000  137
0.320000 0.120000  137
0.380000 0.120000  137
-0.400000 0.060000  30
-0.340000 0.060000  45
-0.280000 0.060000  58
-0.220000 0.060000  72
-0.160000 0.060000  85
-0.100000 0.060000  100
-0.040000 0.060000  116
0.020000 0.060000  132
0.080000 0.060000  137
0.140000 0.060000  137
0.200000 0.060000  137
0.260000 0.060000  137
0.320000 0.060000  137
0.380000 0.060000  137
-0.400000 0.000000  52
-0.340000 0.000000  65
-0.280000 0.000000  80
-0.220000 0.000000  95
-0.160000 0.000000  110
-0.100000 0.000000  126
-0.040000 0.000000  137
0.020000 0.000000  137
0.080000 0.000000  137
0.140000 0.000000  137
0.200000 0.000000  137
0.260000 0.000000  137
0.320000 0.000000  137
0.380000 0.000000  137
-0.400000 -0.060000  69
-0.340000 -0.060000  84
-0.280000 -0.060000  101
-0.220000 -0.060000  116
-0.160000 -0.060000  130
-0.100000 -0.060000  137
-0.040000 -0.060000  137
0.020000 -0.060000  137
0.080000 -0.060000  137
0.140000 -0.060000  137
0.200000 -0.060000  137
0.260000 -0.060000  137
0.320000 -0.060000  137
0.380000 -0.060000  137
-0.400000 -0.120000  90
-0.340000 -0.120000  104
-0.280000 -0.120000  118
-0.220000 -0.120000  132
-0.160000 -0.120000  137
-0.100000 -0.120000  137
-0.040000 -0.120000  137
0.020000 -0.120000  137
0.080000 -0.120000  137
0.140000 -0.120000  137
0.200000 -0.120000  137
0.260000 -0.120000  137
0.320000 -0.120000  137
0.380000 -0.120000  137
-0.400000 -0.180000  104
-0.340000 -0.180000  118
-0.280000 -0.180000  133
-0.220000 -0.180000  137
-0.160000 -0.180000  137
-0.100000 -0.180000  137
-0.040000 -0.180000  137
0.020000 -0.180000  137
0.080000 -0.180000  137
0.140000 -0.180000  137
0.200000 -0.180000  137
0.260000 -0.180000  137
0.320000 -0.180000  137
0.380000 -0.180000  137
-0.400000 -0.240000  117
-0.340000 -0.240000  131
-0.280000 -0.240000  137
-0.220000 -0.240000  137
-0.160000 -0.240000  137
-0.100000 -0.240000  137
-0.040000 -0.240000  137
0.020000 -0.240000  137
0.080000 -0.240000  137
0.140000 -0.240000  137
0.200000 -0.240000  137
0.260000 -0.240000  137
0.320000 -0.240000  137
0.380000 -0.240000  137
-0.400000 -0.300000  128
-0.340000 -0.300000  137
-0.280000 -0.300000  137
-0.220000 -0.300000  137
-0.160000 -0.300000  137
-0.100000 -0.300000  137
-0.040000 -0.300000  137
0.020000 -0.300000  137
0.080000 -0.300000  137
0.140000 -0.300000  137
0.200000 -0.300000  137
0.260000 -0.300000  137
0.320000 -0.300000  137
0.380000 -0.300000  137
-0.400000 -0.360000  137
-0.340000 -0.360000  137
-0.280000 -0.360000  137
-0.220000 -0.360000  137
-0.160000 -0.360000  137
-0.100000 -0.360000  137
-0.040000 -0.360000  137
0.020000 -0.360000  137
0.080000 -0.360000  137
0.140000 -0.360000  137
0.200000 -0.360000  137
0.260000 -0.360000  137
0.320000 -0.360000  137
0.380000 -0.360000  137
-0.400000 -0.420000  137
-0.340000 -0.420000  137
-0.280000 -0.420000  137
-0.220000 -0.420000  137
-0.160000 -0.420000  137
-0.100000 -0.420000  137
-0.040000 -0.420000  137
0.020000 -0.420000  137
0.080000 -0.420000  137
0.140000 -0.420000  137
0.200000 -0.420000  137
0.260000 -0.420000  137
0.320000 -0.420000  137
0.380000 -0.420000  137
-0.400000 -0.480000  137
-0.340000 -0.480000  137
-0.280000 -0.480000  137
-0.220000 -0.480000  137
-0.160000 -0.480000  137
-0.100000 -0.480000  137
-0.040000 -0.480000  137
0.020000 -0.480000  137
0.080000 -0.480000  137
0.140000 -0.480000  137
0.200000 -0.480000  137
0.260000 -0.480000  137
0.320000 -0.480000  137
0.380000 -0.480000  137
-0.400000 -0.540000  137
-0.340000 -0.540000  137
-0.280000 -0.540000  137
-0.220000 -0.540000  137
-0.160000 -0.540000  137
-0.100000 -0.540000  137
-0.040000 -0.540000  137
0.020000 -0.540000  137
0.080000 -0.540000  137
0.140000 -0.540000  137
0.200000 -0.540000  137
0.260000 -0.540000  137
0.320000 -0.540000  137
0.380000 -0.540000  137
