-0.400000 0.300000  26
-0.340000 0.300000  26
-0.280000 0.300000  26
-0.220000 0.300000  26
-0.160000 0.300000  26
-0.100000 0.300000  26
-0.040000 0.300000  26
0.020000 0.300000  26
0.080000 0.300000  26
0.140000 0.300000  26
0.200000 0.300000  26
0.260000 0.300000  26
0.320000 0.300000  26
0.380000 0.300000  26
-0.400000 0.240000  26
-0.340000 0.240000  26
-0.280000 0.240000  26
-0.220000 0.240000  26
-0.160000 0.240000  26
-0.100000 0.240000  26
-0.040000 0.240000  26
0.020000 0.240000  26
0.080000 0.240000  26
0.140000 0.240000  26
0.200000 0.240000  26
0.260000 0.240000  26
0.320000 0.240000  26
0.380000 0.240000  26
-0.400000 0.180000  26
-0.340000 0.180000  26
-0.280000 0.180000  26
-0.220000 0.180000  26
-0.160000 0.180000  26
-0.100000 0.180000  26
-0.040000 0.180000  26
0.020000 0.180000  26
0.080000 0.180000  26
0.140000 0.180000  26
0.200000 0.180000  26
0.260000 0.180000  26
0.320000 0.180000  26
0.380000 0.180000  26
-0.400000 0.120000  26
-0.340000 0.120000  26
-0.280000 0.120000  26
-0.220000 0.120000  26
-0.160000 0.120000  26
-0.100000 0.120000  26
-0.040000 0.120000  26
0.020000 0.120000  26
0.080000 0.120000  26
0.140000 0.120000  26
0.200000 0.120000  26
0.260000 0.120000  26
0.320000 0.120000  26
0.380000 0.120000  26
-0.400000 0.060000  26
-0.340000 0.060000  26
-0.280000 0.060000  26
-0.220000 0.060000  26
-0.160000 0.060000  26
-0.100000 0.060000  26
-0.040000 0.060000  26
0.020000 0.060000  26
0.080000 0.060000  26
0.140000 0.060000  26
0.200000 0.060000  26
0.260000 0.060000  26
0.320000 0.060000  26
0.380000 0.060000  26
-0.400000 0.000000  13
-0.340000 0.000000  20
-0.280000 0.000000  26
-0.220000 0.000000  26
-0.160000 0.000000  26
-0.100000 0.000000  26
-0.040000 0.000000  26
0.020000 0.000000  26
0.080000 0.000000  26
0.140000 0.000000  26
0.200000 0.000000  26
0.260000 0.000000  26
0.320000 0.000000  26
0.380000 0.000000  26
-0.400000 -0.060000  1
-0.340000 -0.060000  8
-0.280000 -0.060000  25
-0.220000 -0.060000  26
-0.160000 -0.060000  26
-0.100000 -0.060000  26
-0.040000 -0.060000  26
0.020000 -0.060000  26
0.080000 -0.060000  26
0.140000 -0.060000  26
0.200000 -0.060000  26
0.260000 -0.060000  26
0.320000 -0.060000  26
0.380000 -0.060000  26
-0.400000 -0.120000  0
-0.340000 -0.120000  0
-0.280000 -0.120000  11
-0.220000 -0.120000  26
-0.160000 -0.120000  26
-0.100000 -0.120000  26
-0.040000 -0.120000  26
0.020000 -0.120000  26
0.080000 -0.120000  26
0.140000 -0.120000  26
0.200000 -0.120000  26
0.260000 -0.120000  26
0.320000 -0.120000  26
0.380000 -0.120000  26
-0.400000 -0.180000  0
-0.340000 -0.180000  0
-0.280000 -0.180000  1
-0.220000 -0.180000  26
-0.160000 -0.180000  26
-0.100000 -0.180000  26
-0.040000 -0.180000  26
0.020000 -0.180000  26
0.080000 -0.180000  26
0.140000 -0.180000  26
0.200000 -0.180000  26
0.260000 -0.180000  26
0.320000 -0.180000  26
0.380000 -0.180000  26
-0.400000 -0.240000  0
-0.340000 -0.240000  0
-0.280000 -0.240000  0
-0.220000 -0.240000  26
-0.160000 -0.240000  26
-0.100000 -0.240000  26
-0.040000 -0.240000  26
0.020000 -0.240000  26
0.080000 -0.240000  26
0.140000 -0.240000  26
0.200000 -0.240000  26
0.260000 -0.240000  26
0.320000 -0.240000  26
0.380000 -0.240000  26
-0.400000 -0.300000  0
-0.340000 -0.300000  0
-0.280000 -0.300000  10
-0.220000 -0.300000  26
-0.160000 -0.300000  26
-0.100000 -0.300000  26
-0.040000 -0.300000  26
0.020000 -0.300000  26
0.080000 -0.300000  26
0.140000 -0.300000  26
0.200000 -0.300000  26
0.260000 -0.300000  26
0.320000 -0.300000  26
0.380000 -0.300000  26
-0.400000 -0.360000  0
-0.340000 -0.360000  7
-0.280000 -0.360000  26
-0.220000 -0.360000  26
-0.160000 -0.360000  26
-0.100000 -0.360000  26
-0.040000 -0.360000  26
0.020000 -0.360000  26
0.080000 -0.360000  26
0.140000 -0.360000  26
0.200000 -0.360000  26
0.260000 -0.360000  26
0.320000 -0.360000  26
0.380000 -0.360000  26
-0.400000 -0.420000  12
-0.340000 -0.420000  20
-0.280000 -0.420000  26
-0.220000 -0.420000  26
-0.160000 -0.420000  26
-0.100000 -0.420000  26
-0.040000 -0.420000  26
0.020000 -0.420000  26
0.080000 -0.420000  26
0.140000 -0.420000  26
0.200000 -0.420000  26
0.260000 -0.420000  26
0.320000 -0.420000  26
0.380000 -0.420000  26
-0.400000 -0.480000  26
-0.340000 -0.480000  26
-0.280000 -0.480000  26
-0.220000 -0.480000  26
-0.160000 -0.480000  26
-0.100000 -0.480000  26
-0.040000 -0.480000  26
0.020000 -0.480000  26
0.080000 -0.480000  26
0.140000 -0.480000  26
0.200000 -0.480000  26
0.260000 -0.480000  26
0.320000 -0.480000  26
0.380000 -0.480000  26
-0.400000 -0.540000  26
-0.340000 -0.540000  26
-0.280000 -0.540000  26
-0.220000 -0.540000  26
-0.160000 -0.540000  26
-0.100000 -0.540000  26
-0.040000 -0.540000  26
0.020000 -0.540000  26
0.080000 -0.540000  26
0.140000 -0.540000  26
0.200000 -0.540000  26
0.260000 -0.540000  26
0.320000 -0.540000  26
0.380000 -0.540000  26
